1.47469057694838e-32 0
0.0135633593407871 0
0.0146633556936049 0
0.00828100530599704 0.219999999999999
0.00882560360943983 0.0799999999999983
0.0397617250952123 0
0.0366466453371056 0
0.0427097104772297 0.280000000000001
0 0
0.00791290280136228 0
0.00945322440347073 0
0.0132885962153079 3.54000000000001
0.000113794224679973 0.219999999999999
0.00423580121255936 0
0.00530230319618297 0
0 0
9.93766176862674e-06 0.529999999999987
0.00322621589437556 0.0200000000000102
0.00413680092598308 0
0 0
0 0.309999999999988
0.00220161967162344 0.13000000000001
0.00279303838291263 0.0300000000000011
0 0
0.020223659708767 0
0.0759000476446329 0
0.0829888557270432 0
0.0850711864705965 0.169999999999987
0.00550004477073333 0
0.0513933769206087 0
0.062530539130712 0
0.058541218653758 0.330000000000013
0.000388053624249081 0.0300000000000011
0.019215741467327 0
0.0264815471001013 0
0.023184132162939 5.52999999999999
4.39686800152775e-05 0.019999999999996
0.00697082978693596 0
0.0127760586548582 0
0 0
1.09209431350552e-05 0.129999999999995
0.00480777608893541 0
0.00833400801807804 0
0 0
2.18747317604577e-06 2.03
0.00264055473605829 0.0900000000000034
0.00464089967906684 0.0300000000000011
0 0
0.0803171845871799 0.0499999999999972
0.114901652313632 0
0.0411203968065627 0
0.0354197136429472 0.170000000000002
0.0111427690119293 0.129999999999995
0.0197943461947837 0
0.01741101027378 0
0.0146453542444725 0.25
0.00255031408830738 0.319999999999993
0.00392850492283231 0
0.00450285121270826 0
0.003975858461057 5
0.00200179850601047 0.75
0.00141171436720851 0
0.00162946557452368 0
0 0
0.000207613451424056 2.28
0.00029837074332888 0
0.000405214851357795 0
0 0
0.000122142529249553 8.95
9.71563992306865e-05 0.0900000000000034
0.000149668522743901 0.0300000000000011
0 0
0.267826207897808 0.0499999999999972
0.145692730444405 0
0.0965871337313057 0
0.184250505604049 0.189999999999998
0.0159985140923847 0.339999999999989
0.0267847959201231 0
0.0219678829962397 0
0.027221048171562 0.220000000000013
0.014655026189976 0.75
0.0119665887133097 0
0.0103635265207025 0
0.0121102262939116 5.47
0.00412120381128676 3.7
0.00183038511907802 0
0.00258642948869082 0
0 0
0.00160441137264514 15.92
0.000362503119170559 0.0200000000000102
0.000683293688034004 0
0 0
0.00133044823924886 127.97
7.9401963087527e-05 0.140000000000043
0.000138100988188828 0.0399999999999636
0 0
0.153163324231088 0.0600000000000023
0.215282961131511 0
0.0498794942754816 0
0.0643681652392706 0.279999999999973
0.0395693352480496 0.139999999999986
0.0378516929744507 0.0200000000000387
0.031936685894598 0
0.0330728121639684 0.339999999999975
0.0102457021200692 0.410000000000025
0.00760528325314717 0
0.00639935501535462 0
0.00665254281456174 7.18000000000001
0.000676296558812547 1.40999999999997
0.00129427911888309 0
0.00131351648547483 0
0 0
0.00026535915153806 6.75
0.00022804903237277 0
0.000200115492308863 0.00999999999999091
0 0
0.000232915221309449 25.15
3.79852450214182e-05 0.189999999999998
3.24834807183605e-05 0.0600000000000023
0 0
0.349169247299717 0.00999999999999091
0.315034387916962 0
0.337383251127929 0
0.307246478496559 0.319999999999993
0.11950633897858 0.829999999999984
0.13733914031053 0
0.184414672833758 0
0.204629838729004 0.420000000000016
0.0366887602498275 2.74000000000001
0.177839147810586 0
0.463170913204267 0.00999999999999091
0.30805719910332 12.31
0.0193430386346509 8.25
0.110036034814232 0
0.137454614040026 0
0 0
0.0182701434710596 113.69
0.218268891445547 0.0199999999999818
0.197077718801501 0.00999999999999091
0 0
0.0163385610212152 253.31
0.199142477834054 0.170000000000073
0.199482560911498 0.0499999999999545
0 0
0.313784994562686 0.07000000000005
0.206714908065644 0.0199999999999818
0.08706664778776 0
0.165387891695191 0.269999999999982
0.00587975653565791 0.300000000000068
0.0290334721543578 0
0.0196113357663274 0
0.0192545583902233 0.360000000000014
0.00321726170853526 0.549999999999955
0.00518387033075905 0
0.00592522029934581 0
0.0086958182532615 7.67000000000007
0.0015126491744452 1.27999999999997
0.00163828082176244 0
0.00230495754724041 0
0 0
0.000366847329913311 3.36000000000001
0.000244540675546064 0.00999999999999091
0.000320743031851668 0
0 0
0.000125384801098758 10.02
4.0914686029125e-05 0.139999999999986
5.99368759376363e-05 0.0500000000000682
0 0
0.564466835826964 0.0899999999999181
0.0765307880471846 0
0.0923945034061554 0
0.0591203016295139 0.240000000000009
0.0392406665291202 0.389999999999986
0.0753634427138722 0
0.0848762442968362 0
0.245902730462834 0.300000000000068
0.0341931314195695 2.25999999999999
0.0412173007543773 0
0.0492333203466127 0
0.0270351358873657 4.29999999999995
0.0124444517837577 9.20000000000005
0.0271431830912828 0
0.0341863145857753 0
0 0
0.00826028960133759 69.03
0.0271885686681759 0.0100000000001046
0.0330840067504817 0
0 0
0.00430688679479448 123.24
0.0234812983580572 0.110000000000014
0.0282597870040835 0.0299999999999727
0 0
0.217107133346824 0.0199999999999818
0.562138701134124 0.0100000000001046
0.912401040146746 0
0.772343191676037 0.17999999999995
0.0268818697245884 0.200000000000045
0.757480386688323 0
0.533620556806781 0
0.0351628454984351 0.269999999999982
0.0150004110060081 0.620000000000005
1.24665976830776 0
0.359250948675126 0
0.00109055749010226 8.38999999999999
0.00353031655212301 1.22000000000003
0.597834583830752 0.0199999999999818
0.824852041061854 0
0 0
0.00133908926352058 6.48000000000002
0.423149347122175 0
0.506061751509065 0
0 0
0.000428829284659792 18.7199999999999
0.355731662465258 0.100000000000023
0.318678272504625 0.0299999999999727
0 0
0.759116562740812 0.0400000000000773
0.697331929489916 0
0.993857304488347 0
1.10888326729379 0.189999999999941
0.306648979196009 0.670000000000073
0.50202849571226 0
0.940125713350096 0
1.01323899346855 0.299999999999955
0.0950688672027374 8.18000000000006
0.38246973024914 0
0.561828858076764 0
1.25792229104739 7.63
0.0909197644286467 15.87
0.196279647678704 0
0.159037251131535 0
0 0
0.0701342958480828 46.67
0.280343572530098 0.0199999999999818
0.254992217865541 0
0 0
0.0606157385707227 185.99
0.406197304195513 0.210000000000036
0.387307273503829 0.0599999999999454
0 0
0.0385747644728962 0.0799999999999272
0.0746756189656575 0
0.0127201955764008 0
0.261891903118527 0.25
0.0302386160332269 0.110000000000127
0.0192758103102476 0
0.016886919933114 0
0.0306163915428318 0.419999999999845
0.000582152687797999 0.2800000000002
0.00246161903137879 0.0199999999999818
0.00134674231137168 0
0.00151642418806037 8
4.7267320539965e-05 0.299999999999955
0.000818346948733232 0.0199999999999818
0.000639699701187085 0
0 0
3.14762368817181e-06 0.769999999999982
9.65891529864032e-05 0.00999999999999091
8.84288454348338e-05 0
0 0
5.66063867370156e-05 12.27
2.34361157342928e-05 0.150000000000091
2.22045711154642e-05 0.0499999999999545
0 0
0.124545075295549 0.00999999999999091
0.11082725113112 0
0.125796242056023 0
0.173374174958451 0.25
0.0601655483768691 0.0199999999999818
0.059748419753936 0
0.0878615641385019 0
0.0523399937792338 0.350000000000136
0.0158855882628681 1.49000000000001
0.0209392941736914 0
0.0446965345149088 0
0.0801364517646854 10.75
0.011381834696338 2.84999999999991
0.00656652760387115 0
0.0229258088861344 0
0 0
0.0137263475675341 55.01
0.00135864516555904 0.0199999999999818
0.00703396975216527 0
0 0
0.020359203110318 275.16
0.000818977095466636 0.170000000000073
0.00283546843338138 0.0499999999999545
0 0
0.458464881691489 0.180000000000064
0.392626641408887 0
0.402851112783298 0
0.282229130544148 0.240000000000009
0.32107040127277 0.599999999999909
0.0864336826484621 0
0.282008082946203 0
0.0889917145933233 0.329999999999927
0.0904207689738077 1.80000000000018
0.04850348957344 0.00999999999999091
0.183526597346413 0
0.0347564431685727 4.5
0.0465893521775306 9.80999999999995
0.0347913378703853 0
0.117265425472654 0
0 0
0.0144755716771792 57.28
0.0174464025166708 0.0199999999999818
0.0682078932637446 0
0 0
0.011348122678214 161.7
0.0111560317772005 0.139999999999873
0.043042415616187 0.040000000000191
0 0
0.152773971104931 0.0599999999999454
0.305324755236083 0
0.203014176190509 0
0.202249769240367 0.269999999999982
0.547418548226731 5.61999999999989
0.151368427527309 0
0.143228452654169 0
0.154268856037344 0.269999999999982
0.74632267022172 14.8900000000001
0.0876457068301294 0
0.0778877447212426 0
0.126110974373792 3.61000000000013
0.740726038191263 18.8899999999999
0.082940382660624 0
0.0954106663817503 0
0 0
0.604556150800979 79.1000000000001
0.0863660152582187 0.00999999999999091
0.103834137187585 0.0199999999999818
0 0
0.610243425152678 200.97
0.0905015519368363 0.139999999999873
0.108049444834478 0.0300000000002001
0 0
0.0894901400403319 0
0.133814065001041 0
0.160187357183418 0
0.08298960232429 0.210000000000036
0.022292399443428 0.210000000000036
0.0429758131114705 0
0.0488644989948443 0
0.044225206462456 0.259999999999764
0.00277783217646131 0.2800000000002
0.0214721796958958 0
0.0270228089430273 0
0.013518511577324 4.30000000000018
0.000499607642579912 1.11000000000013
0.0146782942372581 0
0.0187189599624571 0
0 0
0.000230563166317908 5.5300000000002
0.0105813167154011 0.0199999999999818
0.013480139542952 0
0 0
9.16233267420672e-05 54.27
0.00722482949535183 0.579999999999927
0.0092032608923215 0.179999999999836
0 0
0.169031170391467 0.319999999999709
0.0826262881736743 0.0199999999999818
0.0696850403239376 0
0.0423609418334661 0.690000000000055
0.0374133903409724 0.440000000000055
0.0102966370162006 0
0.0130759906100731 0
0.00691026761775974 0.9699999999998
0.00647813155185697 1.29999999999973
0.00218051266644093 0.0199999999999818
0.00245296536698352 0
0.00243165285988967 26.5799999999999
0.00164236695159359 2.01000000000022
0.000840637700612173 0.0199999999999818
0.00110833910535218 0
0 0
0.000271247743148126 2.86999999999989
0.000217047234179968 0.0199999999999818
0.000327349119452623 0
0 0
8.10736347457531e-05 13.4299999999998
8.29390087324088e-05 0.179999999999836
0.00013276186687848 0.0500000000001819
0 0
0.131093516389046 0.0100000000002183
0.030479164684621 0
0.0259416547654641 0
0.273797484916068 0.339999999999691
0.0131223438922454 0.180000000000291
0.0105248952313507 0
0.0107513355991382 0
0.0363847455827683 0.25
0.00311311189053828 0.389999999999873
0.00242980469854547 0
0.00277437271525804 0.00999999999976353
0.0024975213387557 9.14000000000033
0.000979709017172922 1.63999999999987
0.000948989482004021 0
0.00134954699424446 0
0 0
0.000380171816294635 4.17000000000007
0.000336918915035844 0.00999999999976353
0.000519870890003763 0
0 0
7.22896516514265e-05 12.9400000000001
0.000128833088094149 0.110000000000127
0.00020799973794689 0.0299999999997453
0 0
0.0622408248517036 0.0300000000002001
0.228528426708025 0
0.246413238928408 0
0.0918789493668014 0.199999999999818
0.0502555824816456 0.329999999999927
0.0934282997562034 0
0.143968300722598 0
0.0914934018433367 0.269999999999982
0.0361249807408588 6.18000000000029
0.0288476120421225 0
0.0698513525006985 0
0.018497359048207 7.62999999999965
0.0173164117525971 16.5
0.0105551511750661 0
0.0342263122582234 0
0 0
0.00962690492581422 103.63
0.0101431039375664 0.0100000000002183
0.0289956105675973 0
0 0
0.0108329001312089 244.83
0.00875214873065226 0.159999999999854
0.0243659343606978 0.0399999999999636
0 0
0.533538746169119 0.100000000000364
0.943088462833798 0
0.46279254124832 0
0.458013113440532 0.25
0.33208536245664 5.00999999999976
0.216897141473166 0
0.306074434029612 0
0.285700778893966 0.2800000000002
0.247505602885824 16.0499999999997
0.0854999281425305 0
0.11006500151582 0
0.120988164614771 8.7800000000002
0.283081733403042 20.2199999999998
0.136946639732557 0
0.171749844361547 0
0 0
0.263928465325499 69.8600000000001
0.0355349926926815 0.0199999999999818
0.059413644109727 0
0 0
0.259713199274232 290.91
0.0516791763181351 0.160000000000309
0.0470876458636821 0.0399999999999636
0 0
0.366358399562107 0.0299999999997453
0.631597815293506 0
0.604914049826889 0
0.29330713030806 0.25
0.0621921438621512 0.329999999999927
0.326225293649047 0
0.464612515286132 0
1.63827460455019 0.329999999999927
0.049603378738667 5.20000000000027
0.528630655743116 0
0.332835065299824 0
0.0026905119978169 10.46
0.0164779785349684 9.33999999999969
0.462714272686137 0
0.777699935433614 0
0 0
0.0203311188806109 146.23
0.421995405528361 0.0100000000002183
0.54467537704939 0
0 0
0.0159653159547624 363.66
0.451355631317996 0.139999999999873
0.442423249413664 0.0300000000002001
0 0
0.67619683646341 0.25
1.2337373197842 0
1.23445471492341 0
0.145604992589338 0.25
0.173985466977897 0.450000000000273
1.04116771870899 0
0.937528079039991 0
0.0922165226278045 0.259999999999764
0.0761329086889759 1.09999999999991
0.693929974719159 0
0.650666321429328 0
0.0150666515042392 3.40000000000009
0.00800958027985921 3.82999999999993
0.48416113333517 0
0.498164507573597 0
0 0
0.00392809191231196 12.0599999999999
0.291972993590512 0.0199999999999818
0.324284651867219 0
0 0
0.00388096687946076 77.4000000000001
0.158274844687247 0.170000000000073
0.210732686607513 0.0499999999997272
0 0
0.236903672036533 0.110000000000127
0.0466899022554641 0
0.0413528172100751 0
0.0236320516137208 0.289999999999964
0.0697334452683177 0.119999999999891
0.0337632638381593 0.0199999999999818
0.0326648472629923 0
0.0268453036522583 0.4699999999998
0.0148355386500556 0.800000000000182
0.0145693611434059 0
0.0183759429196633 0
0.0139226150595182 7.90999999999985
0.00235405511196378 2.22000000000025
0.00196094332764443 0
0.00317993198880446 0
0 0
0.000554527049350432 9.19999999999982
0.000344220484940169 0.0100000000002183
0.000589599226482787 0.0199999999999818
0 0
0.000236944870363007 32.3400000000001
4.56062423210522e-05 0.190000000000055
8.29966470381948e-05 0.0599999999999454
0 0
0.260244284243897 0.0999999999999091
0.104629216518842 0
0.0737480790405379 0
0.08520302684869 0.25
0.0913519068997934 0.210000000000036
0.0862174377945362 0
0.0831509247220945 0
0.0846131415118324 0.369999999999891
0.0496910254786523 3.80000000000018
0.060158112912662 0
0.0694455827752915 0
0.011888374188283 5.80999999999995
0.00751773708944881 9.04999999999973
0.0312797932442627 0
0.0459994874754556 0
0 0
0.00175544965677188 31.3899999999999
0.00897055328506014 0.0399999999999636
0.0174812070237989 0
0 0
0.000755425311808244 162.78
0.00195728529147268 0.159999999999854
0.00440548932972105 0.0599999999999454
0 0
0.670414946897995 0.100000000000364
0.467699668752621 0
0.37207425011239 0
0.367169819677247 0.269999999999982
0.280036043831907 0.440000000000055
0.306324170631776 0
0.280569943489983 0
0.132027333711563 0.320000000000164
0.101953740924368 1.62999999999965
0.18649401703869 0
0.207928530288237 0
0.0371320256113497 4.87000000000035
0.0295733587859804 5.17000000000007
0.120344824878154 0
0.137396246039226 0.0199999999999818
0 0
0.00532390034101851 18.1900000000001
0.0738222605852326 0.0100000000002183
0.0846477853762249 0
0 0
0.00266042314618101 90.8400000000001
0.0443352803648468 0.130000000000109
0.0519159801427993 0.25
0 0
0.231236642773707 0.0799999999999272
0.231633881368564 0
0.212810603978329 0
0.311612066327786 0.229999999999563
0.21133746785762 0.110000000000582
0.179023739173234 0
0.192900552975475 0
0.113542389457736 0.269999999999527
0.120161017020325 1.72000000000025
0.138582391715796 0
0.160577865718445 0
0.0374895131768156 4.59999999999945
0.0539630099457486 5.15999999999985
0.0900687687110613 0
0.111490366781715 0
0 0
0.0231819808262227 35.5799999999999
0.0607330345731309 0
0.0754386368418419 0
0 0
0.0149347610915597 132.83
0.0392001282997406 0.109999999999673
0.048981830451902 0.0299999999997453
0 0
0.638277859425626 1
1.57104029335908 0
1.65015770105489 0
0.453589639753321 0.220000000000255
0.668575805092189 1.23000000000047
1.60580001415419 0
1.67940910799746 0
0.147373899258153 0.199999999999818
0.600923717895409 1.93000000000029
0.459498626873724 0
1.49659991350773 0
0.112842546380424 2.77999999999975
0.7152541340927 1.67000000000007
1.242198439133 0
1.36431070508482 0
0 0
0.911375935033852 4.3100000000004
1.07069713883265 0.00999999999930878
1.17838548375931 0
0 0
0.968046534155225 9.59000000000015
0.918940570206664 0.1299999999992
1.00246125393721 0.0299999999997453
0 0
0.202202917320394 0
0.222025885735807 0
0.219090932463492 0
0.211360666196259 0.219999999999345
0.198494377405098 0.119999999999891
0.199808991835848 0
0.197822489439759 0
0.117054370906862 0.239999999999782
0.160596436215351 2.10999999999967
0.194099150642153 0
0.195552314761103 0
0.0321179815492665 3.82999999999993
0.0459012204771707 4.3100000000004
0.181223433199049 0
0.192909156199328 0
0 0
0.0221287023686356 14.8199999999997
0.115766362675847 0.0200000000004366
0.155708076898844 0
0 0
0.0118365580702798 123.78
0.0493484934319014 0.119999999999891
0.0799448234914541 0.0500000000001819
0 0
0.353568276855497 0
0.386064602447988 0
0.330725993201134 0
0.0807103289391467 0.210000000000036
0.00434931851697589 0.139999999999418
0.0418451973606973 0
0.0521208008374583 0
0.0435329637957323 0.260000000000218
0.00360413263064936 0.489999999999782
0.0335890876874339 0
0.0426999552814388 0
0.0211211544688842 3.9399999999996
0.00141269834894367 0.840000000000146
0.022379485692914 0.0200000000004366
0.0286196886524859 0
0 0
0.000395015120618694 3.94999999999982
0.0160148598133498 0.0200000000004366
0.020186150726087 0
0 0
0.000113342983692491 99.5499999999993
0.0111221392593671 0.0799999999999272
0.0139874566217881 0.0500000000001819
0 0
